100
3 3
2 1 2
1 1 1
2 1 2
5 5
2 2 2 2 2
2 1 1 1 2
2 1 2 1 2
2 1 1 1 2
2 2 2 2 2
1 1
1
4 9
1 2 2 2 1 2 2 1 2
1 1 2 2 1 2 2 1 2
2 1 2 2 1 1 2 2 2
2 1 1 2 2 1 2 1 2
7 6
1 2 2 2 2 2
2 2 2 2 2 2
2 2 2 2 2 1
2 2 2 2 2 2
2 2 2 2 2 2
2 2 2 1 2 2
2 2 2 2 2 2
4 7
2 1 2 1 2 2 1
2 2 2 1 1 2 2
2 1 2 2 1 2 2
2 2 2 1 1 1 1
10 10
1 1 1 1 1 1 1 1 1 1
1 1 1 1 1 1 1 1 1 1
1 1 1 1 1 1 1 1 1 1
1 1 1 1 1 1 1 1 2 1
1 1 1 1 1 1 1 1 1 1
1 1 1 1 1 1 1 1 1 1
1 1 1 1 1 1 1 1 1 1
1 1 1 1 1 1 1 1 1 1
1 1 1 1 1 1 1 1 1 1
1 1 1 1 1 1 1 1 1 1
2 8
2 2 1 1 1 2 1 1
2 1 1 2 1 2 1 1
4 5
2 2 2 2 2
2 2 2 1 2
2 2 2 2 2
2 2 2 2 2
4 5
2 2 1 2 2
1 1 1 1 1
2 2 1 2 2
1 1 1 1 1
4 5
2 2 2 2 2
2 2 2 2 2
2 2 2 2 1
2 2 2 1 2
4 10
1 1 1 1 1 1 1 1 1 1
2 2 2 1 2 2 1 1 2 1
2 2 2 1 2 2 1 1 2 1
1 1 1 1 1 1 1 1 1 1
9 4
1 2 2 2
2 1 2 1
1 1 1 2
2 1 1 1
2 1 1 1
1 1 1 1
1 2 1 1
2 2 2 2
2 2 2 2
3 10
2 2 2 2 2 2 2 2 2 2
2 1 2 1 2 2 1 2 1 2
2 1 2 2 2 2 1 2 2 2
4 4
2 2 2 2
2 2 1 1
2 2 1 2
1 1 2 2
2 1
1
1
8 2
2 1
2 2
2 2
2 2
2 1
2 2
2 2
2 1
2 2
1 2
2 2
7 2
2 2
2 2
2 2
2 1
2 2
2 2
2 2
1 2
2 2
4 6
2 2 2 2 2 2
2 2 2 2 2 2
2 1 2 2 2 2
2 2 2 2 2 2
6 7
1 1 1 1 1 1 1
1 1 2 2 1 1 2
1 1 1 1 1 1 1
1 1 2 2 1 1 2
1 1 2 2 1 1 2
1 1 1 1 1 1 1
5 4
2 1 2 1
2 2 1 1
1 2 1 2
1 2 2 1
1 2 2 1
1 2
1 2
4 6
2 2 1 1 1 1
1 1 1 2 1 2
2 1 1 2 1 2
2 2 2 1 2 2
10 10
2 2 2 2 2 2 2 2 2 2
2 2 2 2 2 2 2 2 2 2
2 2 2 2 2 2 2 2 2 2
2 2 2 2 2 2 2 2 2 2
2 2 2 2 2 2 2 2 2 2
2 2 2 2 2 2 2 2 2 2
2 2 2 2 2 2 2 1 2 2
2 2 2 2 2 2 2 2 2 2
2 2 2 2 2 2 2 2 2 2
2 2 2 2 2 2 2 2 2 2
4 4
1 2 1 2
2 2 2 1
2 1 1 1
1 2 2 1
8 2
2 2
2 2
2 2
2 2
2 2
2 2
2 1
2 2
10 10
1 1 1 2 2 2 2 1 2 1
1 1 1 1 1 1 1 1 1 1
1 1 1 1 1 1 1 1 1 1
1 1 1 2 2 2 2 1 2 1
1 1 1 2 2 2 2 1 2 1
1 1 1 2 2 2 2 1 2 1
1 1 1 1 1 1 1 1 1 1
1 1 1 1 1 1 1 1 1 1
1 1 1 2 2 2 2 1 2 1
1 1 1 2 2 2 2 1 2 1
7 3
1 2 1
2 2 1
2 2 2
2 1 2
1 2 2
2 2 1
1 2 1
2 1
1
1
2 1
1
2
4 10
2 2 2 1 2 1 2 2 1 2
2 2 2 2 2 2 2 1 1 1
2 2 1 2 2 2 2 2 1 2
1 2 2 1 1 2 2 1 2 1
8 6
2 2 2 2 2 2
2 2 2 2 2 2
2 2 2 2 2 2
2 2 2 2 2 2
2 2 2 2 2 2
2 2 2 2 2 2
2 2 2 1 2 2
2 2 2 2 2 2
6 9
1 1 2 1 1 2 1 2 2
2 2 2 1 2 2 2 1 2
1 1 2 1 1 2 1 2 2
2 1 1 2 1 2 1 1 1
2 2 1 2 2 2 2 1 1
2 2 2 1 1 1 2 2 2
2 7
1 2 2 2 2 2 2
1 1 1 1 1 1 1
7 6
2 1 2 2 2 1
2 1 2 2 1 1
1 2 2 2 1 2
2 2 2 1 1 2
1 2 2 2 1 1
1 2 2 1 1 2
2 1 2 2 1 1
10 10
2 2 2 2 2 2 2 2 2 2
2 2 2 2 2 2 2 2 2 2
2 2 2 2 2 2 2 2 2 2
2 2 2 2 2 2 2 2 2 2
2 2 2 2 2 2 2 2 2 2
2 2 2 2 2 2 2 2 2 1
2 1 2 2 2 2 2 2 2 2
2 2 2 2 2 2 2 2 2 2
2 2 2 2 2 2 2 2 2 2
2 2 2 2 2 2 2 2 2 2
10 10
1 1 1 1 2 1 1 1 1 1
1 1 1 1 1 1 1 1 1 1
1 1 1 1 1 1 1 1 1 1
1 1 1 1 1 1 1 1 2 1
1 1 1 1 1 1 1 1 1 1
1 1 1 1 1 1 1 1 1 1
1 1 1 1 1 1 1 1 1 1
1 1 1 1 1 1 1 1 1 1
1 1 1 1 1 1 1 1 1 1
1 1 1 1 1 1 1 1 1 1
7 6
2 2 2 2 2 2
2 2 2 2 2 2
2 2 2 2 2 2
2 2 2 2 1 2
2 2 2 2 2 2
2 2 2 2 2 2
2 2 2 2 2 2
4 9
2 2 2 2 2 2 2 2 2
2 2 2 2 2 2 2 2 2
2 2 2 1 2 2 2 2 2
2 2 2 2 2 2 2 2 2
10 10
1 1 1 1 1 1 1 1 1 1
1 1 2 1 2 1 1 2 1 1
1 1 2 1 2 1 1 2 1 1
1 1 2 1 2 1 1 2 1 1
1 1 2 1 2 1 1 2 1 1
1 1 1 1 1 1 1 1 1 1
1 1 2 1 2 1 1 2 1 1
1 1 2 1 2 1 1 2 1 1
1 1 2 1 2 1 1 2 1 1
1 1 2 1 2 1 1 2 1 1
10 10
2 2 2 2 2 2 1 2 2 2
2 2 2 1 2 2 2 2 2 2
2 2 2 2 2 2 2 2 2 2
2 2 2 2 2 1 2 2 1 2
2 2 2 2 2 2 2 2 2 2
2 2 2 2 1 1 2 1 2 2
2 2 1 2 2 2 2 2 2 2
2 2 2 2 2 2 2 2 2 2
1 2 2 1 2 2 2 2 2 2
2 2 2 2 2 2 2 2 2 2
2 3
2 1 2
2 2 2
10 10
1 1 1 1 1 1 1 1 1 1
1 1 1 1 1 1 1 1 1 1
1 1 1 1 1 1 1 1 1 1
1 1 1 1 1 1 1 1 1 1
1 1 1 1 1 1 1 1 1 1
1 1 1 1 1 1 1 1 1 1
1 1 1 1 1 1 1 1 1 1
1 1 1 1 1 1 1 1 1 1
1 1 1 1 1 1 1 1 1 1
1 1 1 1 1 1 1 1 1 1
6 7
1 2 2 2 1 2 2
2 2 2 2 2 2 2
2 2 2 1 1 2 2
2 2 2 2 2 2 2
2 1 1 2 1 2 2
2 2 2 2 2 2 2
2 3
1 2 2
2 2 2
10 10
1 1 1 1 1 1 1 1 1 1
1 1 1 1 1 1 1 1 1 1
1 1 1 1 1 1 1 1 1 1
1 1 1 1 1 1 1 1 1 1
2 1 1 1 1 1 1 1 1 1
1 1 1 1 1 1 1 1 1 1
1 1 1 1 1 1 1 1 1 1
1 1 1 1 1 1 1 1 1 1
1 1 1 1 1 1 1 1 1 1
1 1 1 2 1 1 1 1 1 1
9 6
1 1 1 2 2 1
1 1 1 2 2 1
1 1 1 2 2 1
1 1 1 1 1 1
1 1 1 2 2 1
1 1 1 2 2 1
1 1 1 1 1 1
1 1 1 2 2 1
1 1 1 1 1 1
4 10
2 2 1 2 1 1 1 2 1 2
1 1 1 1 1 1 1 1 1 1
1 1 1 1 1 1 1 1 1 1
2 2 1 2 1 1 1 2 1 1
6 4
1 2 2 1
2 2 2 1
2 1 1 2
1 2 1 1
1 1 1 1
2 1 2 1
2 2
2 1
2 2
9 6
2 2 2 2 2 2
2 2 2 2 2 2
2 2 2 2 2 2
2 2 2 2 2 2
2 2 2 2 2 2
2 2 2 2 2 2
2 2 2 2 2 2
1 2 2 2 2 2
2 2 2 2 2 2
7 6
1 1 1 1 1 1
1 1 1 1 1 1
2 1 1 1 1 2
1 1 1 1 1 1
1 1 1 1 1 1
2 1 1 1 1 2
2 1 1 1 1 2
6 7
1 1 1 1 1 1 1
1 1 1 1 1 1 1
1 2 2 2 1 2 1
1 2 2 2 1 2 2
1 2 2 2 1 2 2
1 1 1 1 1 1 1
5 6
1 2 2 1 1 1
2 2 1 1 2 2
1 2 1 1 1 1
2 1 2 1 2 2
1 2 1 2 1 2
5 7
2 2 2 1 2 1 2
2 1 1 1 1 2 1
2 2 2 2 2 1 2
1 2 2 2 2 2 1
1 1 1 2 2 2 1
1 2
1 1
8 2
2 1
2 1
1 1
2 1
2 1
2 1
1 1
2 1
8 6
2 2 2 2 1 2
1 2 2 2 2 2
2 1 2 1 2 2
2 2 1 2 1 1
2 2 2 2 2 1
2 2 1 2 2 1
2 2 2 1 2 2
1 2 2 2 2 2
2 2
1 1
1 1
2 1
2
2
3 10
2 2 1 1 2 1 2 2 1 2
1 1 1 1 1 1 1 1 1 1
2 2 1 1 2 1 2 2 1 2
10 3
1 2 1
1 2 1
2 1 2
2 1 1
1 1 1
1 1 1
1 1 2
2 1 1
2 2 2
2 1 1
2 2
1 1
1 1
1 9
1 1 1 1 1 1 1 1 1
7 2
2 2
1 2
2 2
2 2
2 2
2 2
2 2
10 10
2 2 2 2 2 2 2 2 2 2
2 2 2 2 2 2 2 2 2 2
2 2 2 2 2 2 2 2 2 2
2 2 2 2 2 2 2 2 2 2
2 2 2 2 2 2 2 2 2 2
2 2 2 2 2 1 2 2 2 2
2 2 1 2 2 2 2 2 2 2
2 2 2 2 2 2 2 2 2 2
2 2 2 2 2 2 2 2 2 2
2 2 2 2 2 2 2 2 2 2
1 1
2
4 9
1 1 1 1 1 1 1 1 1
1 2 1 2 1 1 1 1 1
1 1 1 1 1 1 1 1 1
1 2 1 2 1 1 1 1 1
10 10
1 2 2 2 2 2 2 2 2 2
2 2 2 2 2 2 2 2 2 2
2 2 2 2 2 2 2 2 2 2
2 2 2 2 2 2 2 2 2 2
2 2 2 2 2 2 2 2 2 2
2 2 2 2 2 2 2 2 2 2
2 2 2 2 2 2 2 2 2 2
2 2 2 2 2 2 2 2 2 2
2 2 2 2 2 2 2 2 2 2
2 2 2 2 2 2 2 2 2 2
10 10
2 2 2 2 2 2 2 2 2 2
2 2 2 2 2 2 2 2 2 2
2 2 2 2 1 2 2 2 2 2
2 2 2 2 2 2 2 2 2 2
2 2 2 2 2 2 2 2 2 2
2 2 2 2 2 2 2 2 2 2
2 2 2 2 2 2 2 2 2 2
2 2 2 2 2 2 2 2 2 2
2 2 2 2 2 2 2 2 2 2
2 2 2 2 2 2 2 2 2 2
8 6
1 2 1 2 2 2
1 2 1 2 2 2
1 1 1 1 1 1
1 1 1 1 1 1
1 2 1 2 2 2
1 1 1 1 1 1
1 2 1 2 2 2
1 1 1 1 1 1
7 5
1 1 1 1 1
1 1 1 1 1
2 2 2 2 2
2 2 2 2 2
2 2 2 2 2
2 2 2 1 2
2 2 2 2 2
4 7
1 1 1 1 1 1 1
1 1 1 1 1 1 1
1 1 1 1 1 1 1
1 1 1 1 1 1 1
4 6
1 1 1 1 1 1
1 1 1 1 1 1
1 1 2 2 2 1
1 1 1 1 1 1
10 10
2 2 1 1 1 1 1 1 2 1
1 1 2 1 2 1 1 2 2 1
1 1 1 1 1 1 2 1 1 1
2 1 1 1 1 2 1 1 1 1
1 1 1 2 2 1 1 1 1 2
1 1 1 1 1 1 2 2 2 1
1 2 2 1 1 2 2 1 1 2
2 1 2 1 2 2 2 1 2 1
2 1 1 1 1 2 2 1 1 2
1 2 1 2 2 2 2 1 1 1
7 5
1 1 1 1 1
2 2 1 1 1
2 2 1 1 1
2 2 1 1 1
1 1 1 1 1
1 1 1 1 1
2 2 1 1 1
1 2
1 1
3 10
2 1 1 1 1 2 2 1 1 2
2 1 1 1 1 1 2 1 1 2
1 1 1 1 1 1 1 1 1 1
10 10
1 1 1 1 1 1 1 1 1 1
1 1 1 1 1 1 1 1 1 1
1 1 1 1 1 1 1 1 1 1
1 1 1 1 1 1 1 1 1 1
1 1 1 1 1 1 1 2 1 1
1 1 1 1 1 1 1 1 1 1
1 1 1 1 1 1 1 1 1 1
1 1 1 1 1 1 1 1 1 1
1 1 1 1 1 1 1 1 1 1
1 1 1 1 1 1 1 1 1 1
4 4
1 1 1 1
2 2 1 1
1 1 1 1
2 2 1 1
7 3
1 1 1
2 2 1
1 1 1
1 2 1
1 1 1
1 1 1
1 1 1
2 3
2 2 1
1 1 1
7 3
2 2 1
1 1 1
1 1 1
2 2 1
1 1 1
2 2 1
1 1 1
3 2
1 2
1 1
2 1
10 10
2 2 1 1 1 2 2 1 2 1
1 2 2 1 2 1 2 1 1 2
2 1 1 1 2 2 2 1 2 2
2 1 1 1 1 2 2 2 1 2
1 2 2 2 2 1 2 2 1 1
2 1 2 1 1 1 1 2 2 1
1 2 1 2 1 1 2 1 1 1
2 1 1 2 1 2 2 2 1 1
1 2 2 2 1 2 1 2 1 2
2 2 1 2 2 2 2 1 2 1
4 7
2 2 2 2 2 2 2
2 2 2 2 2 2 2
2 2 2 2 1 2 2
2 2 2 2 2 2 2
9 6
1 2 2 1 2 2
1 1 2 2 2 2
1 1 1 2 1 1
2 2 1 2 2 2
1 2 1 2 2 2
2 2 1 1 1 2
2 2 1 1 1 2
1 1 2 2 2 2
1 2 2 2 1 2
6 5
2 1 2 2 1
2 1 2 1 1
1 1 1 2 1
2 1 1 1 2
2 1 1 1 2
1 2 2 2 1
6 7
2 1 1 2 1 2 1
2 1 1 2 1 1 1
1 1 1 2 2 2 2
2 1 2 2 1 2 1
1 1 1 1 2 1 1
1 1 1 2 2 2 1
3 7
1 1 1 2 2 2 1
1 1 2 2 2 2 1
1 2 1 1 2 2 1
7 4
1 1 2 1
2 2 1 2
1 2 2 2
2 1 1 1
1 2 2 1
2 1 1 1
1 1 2 1
7 2
1 2
1 1
1 1
1 2
1 1
1 1
1 2
9 1
1
1
1
1
1
1
1
1
1
7 5
2 2 2 2 2
2 2 2 1 2
2 1 2 2 2
1 1 2 2 1
1 2 1 2 2
2 2 2 2 2
2 1 1 2 2
5 6
1 1 1 1 1 1
1 1 1 1 1 1
1 1 1 1 1 1
2 1 2 2 2 1
2 1 2 2 2 1
5 6
2 2 2 2 2 2
2 2 2 2 2 2
2 2 2 2 2 2
2 2 2 2 2 2
1 2 2 2 2 2
4 4
1 2 2 2
2 2 2 2
2 2 2 2
2 2 2 2
6 8
1 2 1 1 1 1 2 2
1 2 1 1 2 2 1 2
1 2 1 2 2 1 2 1
2 2 2 2 2 1 2 2
1 2 2 2 1 1 2 2
2 1 2 2 2 1 1 2
